./Data/Apache_AllMeasurements.csv
+  14 10 13 1
+  15 0 14 0
+  16 0 26 0
+  18 0 42 0
+  19 0 26 0
+  16 0 10 0
+  16 14 19 1
+  15 0 20 0
+  17 0 17 0
+  15 3 12 0
+  17 0 15 0
+  16 0 18 0
+  14 0 28 1
+  15 0 31 0
+  16 0 11 0
+  15 0 11 0
+  16 0 12 0
+  17 0 15 0
+  21 0 30 3
+  15 0 11 0
8 12
./Data/BDBC_AllMeasurements.csv
+  18 51 49 3
+  18 0 33 0
+  16 9 32 0
+  18 8 57 2
+  14 12 70 4
+  16 4 33 2
+  18 0 40 0
+  19 14 52 6
+  17 2 39 115
+  17 0 37 0
+  16 1 47 47
+  15 1 55 0
+  18 32 29 1
+  20 0 52 2
+  16 0 29 0
+  18 0 28 0
+  18 12 38 3
+  18 0 43 52
+  16 1 42 49
+  18 65 46 3
10 10
./Data/Dune.csv
+  18 6 128 5
+  16 0 115 1
+  18 3 86 2
+  17 1 100 1
+  16 3 81 4
+  17 1 135 2
+  17 1 145 1
+  19 11 191 6
+  16 1 56 0
+  15 0 185 1
+  18 2 111 4
+  19 0 104 24
+  14 2 148 1
+  19 22 77 24
+  17 3 134 3
+  18 1 99 4
+  19 1 76 4
+  16 21 219 0
+  16 7 142 3
+  16 15 40 63
13 7
./Data/HSMGP_num.csv
+  14 6 508 0
+  15 0 410 1
+  16 0 371 0
+  15 6 538 0
+  18 5 493 1
+  17 134 353 2
+  18 2 371 0
+  18 0 391 0
+  16 5 473 0
+  18 322 554 3
+  17 14 553 1
+  17 122 522 0
+  18 1 503 2
+  15 0 387 5
+  17 3 469 0
+  17 0 544 3
+  19 83 568 0
+  18 3 462 0
+  16 32 494 0
+  19 4 546 0
6 14
./Data/lrzip.csv
+  17 0 168 0
+  17 17 127 0
+  17 2 125 0
+  17 0 76 0
+  18 0 114 0
+  20 0 115 1
+  16 0 42 1
+  18 0 171 0
+  19 0 115 0
+  17 0 102 0
+  17 1 110 1
+  16 0 120 0
+  17 0 34 0
+  19 1 103 0
+  17 0 76 0
+  15 0 76 0
+  14 0 159 1
+  15 0 87 0
+  20 0 74 0
+  17 0 82 0
17 3
./Data/rs-6d-c3_obj1.csv
+  17 0 759 4
+  19 18 582 0
+  15 1 773 1
+  15 0 672 0
+  16 0 822 0
+  16 3 548 0
+  16 0 821 0
+  18 0 804 0
+  19 0 519 0
+  17 28 723 0
+  18 0 1535 0
+  18 0 766 0
+  17 111 746 0
+  17 19 945 1
+  17 1 840 0
+  18 5 868 0
+  16 9 498 2
+  20 0 548 0
+  15 7 556 0
+  18 17 759 0
10 10
./Data/rs-6d-c3_obj2.csv
+  17 11 616 3
+  17 2 545 5
+  18 3 743 0
+  18 0 1001 0
+  18 0 657 2
+  20 60 523 0
+  16 0 1121 1
+  16 1 664 2
+  16 0 504 0
+  16 52 737 0
+  19 7 606 0
+  18 2 796 0
+  14 9 1270 1
+  16 0 561 1
+  16 0 480 2
+  16 0 677 0
+  17 0 641 1
+  18 6 668 0
+  17 14 869 1
+  16 61 1111 0
10 10
./Data/sol-6d-c2-obj1.csv
+  20 0 1145 8
+  17 0 1145 4
+  18 39 1145 4
+  16 1 1145 4
+  15 13 1145 4
+  18 0 1145 1
+  18 2 1145 1
+  16 0 1145 0
+  20 15 1145 9
+  22 33 1145 4
+  18 1 1145 4
+  16 4 1145 7
+  20 30 1145 0
+  20 3 1145 7
+  17 0 1145 1
+  16 34 1145 0
+  18 26 1145 2
+  18 1 1145 2
+  15 2 1145 0
+  21 1 1145 0
10 10
./Data/sol-6d-c2-obj2.csv
+  15 22 1143 0
+  18 13 1143 0
+  16 68 1143 1
+  21 0 1143 0
+  17 17 1143 0
+  15 42 1143 7
+  19 14 1143 0
+  18 0 1143 0
+  17 1 1143 0
+  15 5 1143 0
+  18 0 1143 1
+  15 6 1143 0
+  15 0 1143 0
+  16 0 1143 0
+  19 1 1143 0
+  18 0 1143 1
+  16 5 1143 0
+  19 2 1143 0
+  18 0 1143 0
+  16 1 1143 1
8 12
./Data/sort_256_obj2.csv
+  15 0 16 0
+  19 0 13 0
+  16 0 22 0
+  18 0 16 0
+  18 0 18 0
+  15 0 27 0
+  15 5 15 0
+  15 0 29 2
+  14 0 25 0
+  16 0 22 0
+  18 0 28 0
+  16 0 12 0
+  16 0 10 0
+  18 0 15 0
+  18 3 21 0
+  16 0 27 0
+  18 0 10 0
+  15 0 14 0
+  14 0 13 1
+  19 0 12 1
8 12
./Data/SQL_AllMeasurements.csv
+  16 7 10 118
+  17 6 10 7
+  16 107 10 7
+  16 2 10 0
+  20 24 10 0
+  18 1 10 22
+  17 22 10 8
+  18 80 10 0
+  17 51 10 21
+  15 23 10 0
+  15 0 10 39
+  16 60 10 60
+  15 57 10 92
+  17 17 10 142
+  18 91 10 15
+  17 2 10 2
+  17 17 10 1
+  14 7 10 22
+  18 448 10 15
+  15 5 10 1
0 20
./Data/wc+rs-3d-c4-obj1.csv
+  15 2 36 0
+  16 0 32 0
+  19 0 33 0
+  15 0 54 0
+  16 0 50 0
+  14 0 41 0
+  18 4 32 0
+  18 0 34 0
+  15 0 58 0
+  18 0 24 0
+  17 13 77 0
+  15 0 49 0
+  16 0 60 0
+  15 0 70 0
+  16 0 77 0
+  17 0 64 0
+  14 0 53 0
+  15 4 72 0
+  20 0 63 0
+  17 1 45 0
15 5
./Data/wc+rs-3d-c4-obj2.csv
+  15 2 77 0
+  16 1 77 0
+  14 1 77 0
+  19 1 77 0
+  15 0 77 0
+  15 0 77 0
+  18 0 77 0
+  18 0 77 0
+  18 0 77 0
+  15 2 77 0
+  17 1 77 0
+  20 0 77 0
+  16 0 77 0
+  16 0 77 0
+  16 0 77 0
+  15 1 77 0
+  17 0 77 1
+  16 1 77 0
+  16 0 77 0
+  14 0 77 0
12 8
./Data/wc+sol-3d-c4-obj1.csv
+  18 0 77 0
+  16 0 77 0
+  17 0 63 0
+  18 0 77 0
+  16 0 41 0
+  19 2 73 0
+  17 0 77 0
+  15 7 77 0
+  16 0 77 0
+  16 0 77 0
+  16 0 49 0
+  17 0 77 0
+  15 0 52 0
+  16 0 49 0
+  17 0 70 0
+  15 0 77 0
+  20 0 74 0
+  16 0 77 0
+  18 0 77 0
+  15 4 77 0
17 3
./Data/wc+sol-3d-c4-obj2.csv
+  16 0 77 0
+  16 1 77 0
+  16 0 77 0
+  15 11 77 0
+  18 1 77 0
+  16 0 77 0
+  16 0 77 0
+  16 0 77 0
+  17 0 77 0
+  16 0 77 0
+  14 0 77 0
+  18 0 77 0
+  15 0 77 0
+  18 0 77 0
+  19 0 77 0
+  17 0 77 0
+  16 0 77 0
+  15 0 77 0
+  17 0 77 0
+  15 0 77 0
17 3
./Data/wc+wc-3d-c4-obj1.csv
+  15 0 48 0
+  16 0 77 0
+  16 1 48 0
+  15 0 77 0
+  15 0 72 0
+  15 0 77 0
+  15 0 37 0
+  15 15 77 0
+  17 0 77 0
+  17 2 37 0
+  15 1 68 0
+  16 2 77 0
+  18 0 76 0
+  15 6 74 0
+  18 0 70 0
+  17 0 77 0
+  16 3 77 0
+  16 0 77 0
+  16 0 77 0
+  16 0 56 0
13 7
./Data/wc+wc-3d-c4-obj2.csv
+  14 0 77 0
+  21 0 77 0
+  15 3 77 0
+  20 1 77 0
+  18 0 77 0
+  14 0 77 0
+  16 0 77 0
+  17 1 77 0
+  16 0 77 0
+  16 5 77 0
+  16 0 77 0
+  15 1 77 1
+  17 0 77 0
+  17 0 77 0
+  17 0 77 0
+  18 0 77 0
+  18 0 77 0
+  15 0 77 0
+  17 0 77 0
+  17 0 77 0
16 4
./Data/wc-3d-c4_obj2.csv
+  17 11 301 1
+  15 9 299 0
+  16 2 301 0
+  18 36 301 3
+  14 1 301 1
+  19 1 301 0
+  16 6 301 1
+  16 0 301 0
+  15 2 301 1
+  21 2 301 0
+  19 0 301 0
+  18 0 301 0
+  15 0 301 1
+  15 0 301 0
+  18 0 204 0
+  16 0 301 0
+  14 2 301 0
+  17 0 301 0
+  16 1 301 1
+  19 7 301 1
10 10
./Data/wc-6d-c1-obj1.csv
+  16 0 278 0
+  17 3 381 0
+  20 0 342 0
+  15 1 494 2
+  15 5 358 0
+  16 0 447 0
+  19 5 322 1
+  18 0 359 0
+  16 0 314 1
+  20 37 455 1
+  19 19 362 1
+  16 0 345 1
+  16 13 378 0
+  20 0 399 0
+  15 1 431 1
+  16 37 529 0
+  16 0 314 1
+  15 4 580 1
+  18 0 353 0
+  16 156 804 0
11 9
./Data/wc-6d-c1-obj2.csv
+  19 0 260 0
+  15 3 381 0
+  15 13 364 3
+  20 1 357 0
+  16 4 280 0
+  21 9 241 0
+  15 0 257 0
+  21 1 246 0
+  18 10 215 0
+  14 92 419 1
+  16 0 349 0
+  17 0 419 0
+  21 0 465 0
+  17 0 255 0
+  15 0 422 0
+  19 1 395 1
+  19 0 347 0
+  14 2 334 0
+  17 0 358 0
+  24 0 466 0
11 9
./Data/WGet.csv
+  14 2 15 6
+  17 2 31 14
+  17 2 22 2
+  16 5 11 4
+  16 0 13 3
+  17 5 39 0
+  17 2 10 3
+  18 1 12 6
+  15 6 15 2
+  15 1 25 0
+  15 1 26 0
+  21 1 16 0
+  17 0 14 0
+  18 0 10 6
+  17 10 15 7
+  17 9 17 1
+  16 0 13 14
+  15 6 12 6
+  20 6 13 2
+  17 0 13 0
3 17
./Data/X264_AllMeasurements.csv
+  18 0 12 0
+  15 1 15 1
+  16 0 13 0
+  18 3 10 6
+  17 0 10 0
+  17 0 10 4
+  17 1 15 0
+  24 1 16 0
+  18 0 20 2
+  15 0 20 14
+  18 0 10 0
+  18 0 16 0
+  16 0 14 0
+  16 0 11 0
+  17 1 12 12
+  18 3 21 0
+  14 19 13 3
+  19 0 12 0
+  20 3 10 0
+  15 0 11 0
2 18
