./Data/Apache_AllMeasurements.csv
+  62 0 49 0
+  26 2 10 2
+  17 0 20 2
+  22 0 20 1
+  16 0 11 16
+  75 0 12 0
+  24 0 19 0
+  25 0 22 0
+  14 0 13 0
+  30 0 17 1
+  16 1 25 0
+  28 0 18 0
+  24 0 10 0
+  18 0 14 0
+  30 0 18 0
+  30 0 20 0
+  26 0 11 0
+  21 0 11 0
+  32 0 14 0
+  21 0 15 1
1 19
./Data/BDBC_AllMeasurements.csv
+  36 0 58 0
+  57 0 36 2
+  39 1 51 2
+  33 48 33 46
+  26 0 43 1
+  66 1 47 1
+  43 1 44 26
+  15 0 49 0
+  34 6 53 6
+  87 3 45 1
+  22 0 40 0
+  22 0 42 0
+  25 52 42 17
+  50 0 47 11
+  147 5 35 1
+  28 4 55 24
+  14 46 51 25
+  62 7 48 0
+  20 0 37 14
+  86 0 42 19
10 10
./Data/Dune.csv
+  34 4 91 2
+  54 0 87 1
+  22 1 65 1
+  17 12 147 1
+  28 6 93 0
+  42 50 182 2
+  41 90 116 0
+  43 1 44 1
+  37 0 142 0
+  78 4 117 2
+  25 7 95 3
+  64 14 39 0
+  87 3 95 4
+  19 1 154 0
+  67 0 126 9
+  23 29 123 0
+  36 0 104 1
+  15 2 173 2
+  30 57 124 40
+  44 1 79 1
9 11
./Data/HSMGP_num.csv
+  25 1 427 2
+  81 43 433 0
+  14 0 441 0
+  32 2 463 9
+  40 0 592 0
+  63 0 522 2
+  67 0 457 1
+  52 1 546 0
+  47 0 529 0
+  58 5 405 0
+  14 0 491 2
+  18 2 420 0
+  83 4 488 2
+  15 29 485 2
+  17 1 413 2
+  15 16 423 0
+  39 0 490 0
+  18 3 401 0
+  26 0 441 1
+  17 0 394 6
12 8
./Data/lrzip.csv
+  23 0 59 0
+  73 0 80 0
+  15 0 126 0
+  26 0 36 0
+  22 0 56 0
+  14 9 122 0
+  34 0 100 1
+  30 0 98 0
+  14 26 58 0
+  38 0 117 1
+  48 0 127 0
+  34 0 75 0
+  24 0 66 0
+  15 0 103 0
+  32 0 93 0
+  25 0 67 0
+  17 0 91 0
+  35 0 99 0
+  14 0 87 0
+  37 0 67 0
18 2
./Data/rs-6d-c3_obj1.csv
+  17 20 559 0
+  20 1 399 0
+  15 1 457 0
+  28 25 962 0
+  17 0 505 0
+  23 0 570 1
+  15 3 1041 1
+  36 24 566 0
+  54 48 930 0
+  14 0 736 0
+  101 5 443 0
+  14 0 686 0
+  14 0 712 0
+  42 3 680 0
+  45 125 813 0
+  60 0 504 0
+  27 26 1535 0
+  16 18 774 0
+  37 0 327 0
+  37 0 627 1
8 12
./Data/rs-6d-c3_obj2.csv
+  25 0 759 1
+  41 0 670 0
+  23 2 515 2
+  76 1 632 1
+  38 0 635 3
+  19 139 979 0
+  47 0 463 6
+  49 0 736 1
+  19 0 736 2
+  35 0 654 0
+  70 0 1057 5
+  14 0 881 1
+  17 3 613 1
+  16 0 1049 6
+  16 3 685 0
+  21 8 674 0
+  27 68 461 0
+  21 9 757 2
+  19 9 688 1
+  26 0 667 0
13 7
./Data/sol-6d-c2-obj1.csv
+  27 6 1145 4
+  30 7 1145 4
+  19 0 1145 11
+  25 14 1145 5
+  17 0 1145 3
+  40 9 1145 4
+  15 5 1145 2
+  41 2 1145 0
+  40 2 1145 2
+  56 11 1145 8
+  113 4 1145 2
+  50 1 1145 6
+  42 3 1145 3
+  33 3 1145 2
+  45 4 1145 3
+  28 2 1145 3
+  39 2 1145 2
+  22 3 1145 0
+  15 32 1145 7
+  16 8 1145 10
8 12
./Data/sol-6d-c2-obj2.csv
+  37 5 1143 0
+  30 5 1143 5
+  21 50 1143 0
+  23 140 1143 0
+  44 3 1143 1
+  32 5 1143 0
+  19 2 1143 0
+  34 21 1143 1
+  22 1 1143 0
+  18 0 1143 0
+  21 11 1143 0
+  29 0 1143 0
+  17 1 1143 2
+  48 18 1143 0
+  41 0 1143 0
+  43 0 1143 1
+  83 20 1143 0
+  21 14 1143 0
+  23 0 1143 0
+  18 22 1143 1
7 13
./Data/sort_256_obj2.csv
+  21 1 20 0
+  25 0 13 0
+  31 0 56 0
+  16 0 25 0
+  31 0 37 0
+  24 0 46 0
+  25 0 22 0
+  16 0 11 0
+  33 0 65 0
+  15 0 13 0
+  30 6 23 0
+  22 0 30 0
+  19 0 42 4
+  49 0 12 0
+  54 0 26 0
+  39 0 32 0
+  53 0 31 0
+  18 0 37 0
+  47 0 24 0
+  22 0 43 0
9 11
./Data/SQL_AllMeasurements.csv
+  22 3 10 10
+  54 31 10 1
+  42 463 10 28
+  51 0 10 0
+  27 52 10 3
+  19 29 10 48
+  20 1 10 39
+  40 151 10 1
+  33 1 10 0
+  20 1 10 1
+  57 43 10 11
+  15 16 10 8
+  41 19 10 1
+  21 492 10 6
+  22 22 10 19
+  43 0 10 18
+  27 19 10 11
+  14 21 10 11
+  36 17 10 2
+  71 39 10 18
0 20
./Data/wc+rs-3d-c4-obj1.csv
+  14 2 40 0
+  14 0 54 0
+  33 0 67 0
+  31 0 77 0
+  41 0 76 0
+  17 0 73 0
+  28 0 45 0
+  28 0 77 0
+  30 0 62 0
+  42 0 51 0
+  41 0 46 0
+  18 2 44 0
+  28 0 77 0
+  38 0 64 0
+  23 0 22 0
+  50 0 55 0
+  17 0 63 0
+  27 0 64 0
+  16 0 42 0
+  15 3 36 0
16 4
./Data/wc+rs-3d-c4-obj2.csv
+  14 0 77 0
+  23 0 77 0
+  20 0 77 0
+  15 0 77 0
+  15 1 77 0
+  23 0 77 0
+  23 0 77 0
+  26 0 77 0
+  37 0 77 0
+  33 0 77 0
+  14 0 77 0
+  21 0 77 0
+  35 8 77 0
+  37 0 77 0
+  18 0 77 0
+  14 0 77 0
+  14 0 77 0
+  31 0 77 0
+  18 0 77 0
+  15 3 77 0
17 3
./Data/wc+sol-3d-c4-obj1.csv
+  21 0 77 0
+  19 0 77 0
+  16 0 77 0
+  39 0 77 0
+  45 0 77 0
+  24 0 68 0
+  14 0 75 0
+  27 0 77 0
+  24 0 77 0
+  16 3 57 0
+  66 0 65 0
+  15 0 77 0
+  30 0 71 0
+  20 0 77 0
+  30 0 48 0
+  32 0 69 0
+  22 2 77 0
+  18 0 50 0
+  34 0 77 0
+  18 0 77 0
17 3
./Data/wc+sol-3d-c4-obj2.csv
+  20 1 77 0
+  18 0 77 0
+  48 0 77 0
+  19 0 77 0
+  77 0 77 0
+  21 1 77 0
+  14 0 77 0
+  42 0 77 0
+  24 2 77 0
+  16 0 77 0
+  17 0 77 0
+  14 0 77 0
+  16 1 77 0
+  22 2 77 0
+  45 0 77 0
+  19 0 77 0
+  34 0 77 1
+  17 0 77 1
+  18 2 77 0
+  18 0 77 0
13 7
./Data/wc+wc-3d-c4-obj1.csv
+  71 0 77 0
+  17 0 77 0
+  14 0 55 0
+  25 0 77 0
+  29 0 77 0
+  21 0 77 0
+  56 0 42 0
+  15 5 49 0
+  23 8 77 0
+  35 0 77 0
+  20 0 77 0
+  25 0 65 0
+  16 0 53 0
+  39 0 77 0
+  20 0 77 0
+  41 0 77 0
+  23 1 77 0
+  20 11 77 0
+  18 0 77 0
+  16 1 63 0
14 6
./Data/wc+wc-3d-c4-obj2.csv
+  58 0 77 0
+  22 0 77 0
+  34 0 77 0
+  17 0 77 0
+  21 0 77 0
+  21 0 77 0
+  32 0 77 0
+  41 0 77 0
+  23 0 77 0
+  17 0 77 0
+  39 0 77 0
+  40 0 77 0
+  27 0 77 0
+  16 0 77 0
+  15 0 77 0
+  18 0 77 0
+  15 1 77 0
+  19 0 77 0
+  17 0 77 0
+  21 0 77 0
19 1
./Data/wc-3d-c4_obj2.csv
+  33 0 301 0
+  29 1 301 1
+  32 0 301 1
+  85 0 301 0
+  18 0 301 0
+  17 0 301 0
+  25 1 301 1
+  67 0 117 1
+  27 1 185 0
+  92 0 301 0
+  24 0 301 1
+  21 0 301 0
+  28 0 301 1
+  45 0 301 0
+  19 0 301 1
+  50 0 301 0
+  30 0 301 0
+  36 0 301 1
+  18 0 301 0
+  14 0 301 0
19 1
./Data/wc-6d-c1-obj1.csv
+  16 2 248 1
+  48 3 450 0
+  28 0 399 0
+  59 0 364 1
+  26 0 388 0
+  30 1 327 0
+  21 2 426 4
+  54 34 440 3
+  19 147 374 0
+  31 2 381 0
+  34 2 301 0
+  17 0 420 0
+  17 6 415 1
+  36 3 363 0
+  79 5 514 2
+  17 3 477 0
+  50 0 613 2
+  40 3 330 0
+  54 0 581 1
+  40 25 423 1
7 13
./Data/wc-6d-c1-obj2.csv
+  20 0 264 0
+  15 0 329 0
+  57 29 529 6
+  63 0 395 5
+  16 2 315 0
+  31 0 279 0
+  39 2 476 0
+  31 3 326 0
+  43 40 429 2
+  63 0 323 0
+  33 0 214 1
+  50 1 401 0
+  111 3 326 1
+  71 0 431 0
+  77 3 351 0
+  56 0 337 0
+  39 11 552 0
+  59 1 443 0
+  64 8 357 0
+  33 0 285 0
9 11
./Data/WGet.csv
+  28 0 52 0
+  24 2 13 3
+  74 5 13 0
+  15 1 15 1
+  19 2 12 4
+  17 0 10 3
+  17 7 47 0
+  14 3 10 1
+  74 2 10 4
+  43 17 13 3
+  28 2 10 16
+  42 0 11 0
+  14 0 15 0
+  30 0 17 3
+  41 0 14 0
+  41 0 43 0
+  45 4 74 1
+  28 4 22 3
+  23 6 11 7
+  21 0 21 0
3 17
./Data/X264_AllMeasurements.csv
+  76 0 13 0
+  25 1 23 1
+  30 0 10 0
+  52 8 10 0
+  15 1 10 5
+  55 0 16 0
+  34 2 11 0
+  45 5 10 0
+  15 4 16 4
+  27 2 10 0
+  23 10 12 0
+  69 0 15 1
+  15 1 15 0
+  80 0 15 0
+  26 3 10 0
+  19 15 10 4
+  24 0 14 4
+  89 0 17 0
+  20 18 12 0
+  29 9 15 0
1 19
