./Data/Apache_AllMeasurements.csv
0.05 8.04 2.57 82.1 10.549
0.1 7.8 1.22 66.6 12.729
0.15 7.05 0.79 54.7 9.317
0.2 9.05 2.91 45.6 12.419
0.25 10.84 3.68 30.8 11.241
0.3 11.41 4.01 24.3 4.88
0.35 12.59 5.78 28.8 10.018
0.4 9.27 2.14 28.5 9.489
0.45 11.28 4.25 24.9 9.06
0.5 12.94 4.67 22.9 6.7
0.55 10.72 1.46 22.0 6.434
0.6 14.92 4.82 20.6 5.219
0.65 14.45 6.87 22.0 3.376
0.7 12.38 7.1 18.2 2.522
0.75 12.81 3.71 19.1 2.343
0.8 15.57 9.91 18.8 2.821
0.85 17.91 10.11 18.6 1.8
0.9 16.14 6.45 17.8 1.47
0.95 16.62 6.48 18.1 1.868

./Data/BDBC_AllMeasurements.csv
0.05 1.2 1.56 758.0 129.868
0.1 53.25 102.85 679.2 108.776
0.15 2.89 2.55 487.5 113.772
0.2 33.26 83.64 472.0 164.429
0.25 2.74 2.15 466.8 108.088
0.3 56.88 89.95 367.8 101.329
0.35 4.79 4.4 354.5 84.997
0.4 65.56 90.33 175.5 67.032
0.45 34.13 90.73 363.5 189.684
0.5 6.79 4.17 307.3 197.542
0.55 36.88 86.67 245.2 136.308
0.6 47.06 89.16 228.1 88.623
0.65 47.55 92.47 150.8 107.49
0.7 26.5 41.67 225.4 140.718
0.75 15.53 6.95 205.8 105.148
0.8 49.91 84.65 166.2 76.901
0.85 37.43 61.55 126.6 60.007
0.9 34.21 62.65 206.4 92.735
0.95 47.27 79.52 112.2 56.487

./Data/Dune.csv
0.05 5.97 0.42 828.6 75.381
0.1 7.03 0.98 549.7 92.227
0.15 6.71 0.49 542.7 58.32
0.2 7.96 0.97 403.8 87.459
0.25 8.99 1.76 323.2 64.156
0.3 9.44 1.1 229.8 47.847
0.35 11.71 0.77 134.2 22.485
0.4 12.18 1.42 128.4 42.669
0.45 13.41 2.07 105.6 34.503
0.5 13.32 3.33 89.7 18.45
0.55 12.48 1.4 103.2 42.537
0.6 13.24 2.37 73.3 11.858
0.65 13.03 1.36 82.2 16.72
0.7 13.51 1.35 81.4 14.101
0.75 15.04 2.85 65.3 15.434
0.8 16.64 5.24 72.7 16.971
0.85 14.97 3.01 68.2 12.655
0.9 14.44 1.35 64.0 10.286
0.95 15.11 2.49 77.6 21.058

./Data/Hipacc.csv
0.05 2.72 0.24 4913.8 298.158
0.1 4.04 0.75 3676.9 228.785
0.15 4.41 0.74 2945.4 265.442
0.2 5.48 0.86 2303.5 262.814
0.25 6.93 0.9 1904.0 242.584
0.3 7.55 0.85 1393.8 195.687
0.35 9.03 1.18 1193.4 180.047
0.4 10.2 1.38 926.2 139.889
0.45 11.13 1.81 643.4 145.494
0.5 12.18 1.45 509.2 97.331
0.55 12.1 1.19 452.3 111.818
0.6 12.68 2.47 410.3 129.174
0.65 12.71 1.23 371.2 80.521
0.7 13.3 2.11 342.3 64.914
0.75 14.18 1.35 277.0 31.113
0.8 14.22 0.88 285.2 39.658
0.85 13.65 1.06 276.3 67.218
0.9 15.08 2.31 282.9 84.027
0.95 15.74 1.59 234.1 56.99

./Data/HSMGP_num.csv
0.05 5.52 0.21 1622.6 40.719
0.1 6.1 0.27 1401.2 102.059
0.15 6.65 0.35 1233.9 65.808
0.2 7.28 0.6 1076.1 122.917
0.25 8.75 1.37 901.4 112.091
0.3 10.52 1.74 703.6 102.79
0.35 11.86 1.95 535.0 121.303
0.4 13.87 3.53 427.9 109.377
0.45 14.27 1.63 347.9 79.706
0.5 18.48 4.88 252.6 63.733
0.55 19.0 3.73 208.7 66.438
0.6 19.56 2.01 180.9 47.675
0.65 20.55 3.82 149.6 58.771
0.7 23.53 1.96 107.7 29.323
0.75 22.87 2.33 108.6 28.019
0.8 24.03 4.61 98.3 47.701
0.85 24.95 4.66 89.8 25.553
0.9 23.37 2.68 88.3 25.06
0.95 24.4 3.27 78.9 25.133

./Data/lrzip.csv
0.05 6.48 3.76 174.3 16.739
0.1 6.04 3.15 144.8 16.473
0.15 7.0 3.98 125.0 12.017
0.2 10.87 6.53 112.4 19.283
0.25 14.29 6.08 98.6 20.853
0.3 24.91 37.11 91.5 16.002
0.35 20.25 20.11 96.4 19.397
0.4 19.57 12.68 83.6 16.28
0.45 17.09 17.16 86.8 11.839
0.5 14.1 3.92 90.8 16.66
0.55 21.51 16.22 81.7 12.158
0.6 17.48 6.89 76.8 4.729
0.65 40.5 79.35 76.6 13.276
0.7 37.1 41.48 81.3 10.527
0.75 27.22 20.22 75.0 14.94
0.8 68.17 163.54 74.0 13.416
0.85 17.76 7.64 69.3 13.661
0.9 35.74 30.41 66.3 13.023
0.95 43.92 30.38 67.5 10.132

./Data/rs-6d-c3_obj1.csv
0.05 7.67 0.52 1439.2 104.712
0.1 8.06 1.09 1244.1 166.443
0.15 8.37 0.56 1017.4 151.46
0.2 10.37 2.84 871.1 184.712
0.25 10.19 2.06 871.9 185.049
0.3 9.8 1.6 837.1 168.929
0.35 11.34 3.88 721.2 161.689
0.4 12.4 3.93 679.5 187.115
0.45 18.2 14.49 649.6 179.038
0.5 17.54 11.18 597.9 138.088
0.55 19.12 8.94 580.9 111.335
0.6 15.47 4.76 516.9 147.238
0.65 23.35 11.85 515.4 154.595
0.7 16.9 6.01 491.4 79.693
0.75 39.66 56.14 486.1 117.453
0.8 22.33 14.12 392.0 110.323
0.85 31.63 24.73 369.4 42.366
0.9 28.99 10.62 360.1 86.288
0.95 49.68 58.94 284.2 43.252

./Data/rs-6d-c3_obj2.csv
0.05 9.08 1.46 1531.1 97.229
0.1 13.33 6.15 1215.7 170.491
0.15 11.06 2.95 1104.1 171.041
0.2 26.28 35.03 939.6 147.8
0.25 42.57 65.28 667.0 145.813
0.3 121.13 180.41 682.6 166.577
0.35 95.39 129.52 651.5 149.022
0.4 37.85 44.13 659.3 233.537
0.45 76.25 79.47 610.6 106.15
0.5 51.92 56.18 532.0 101.33
0.55 225.37 500.06 549.6 122.289
0.6 28.17 14.03 609.2 97.145
0.65 885.01 1889.62 480.0 124.392
0.7 688.54 1782.32 508.5 91.328
0.75 171.9 166.82 423.7 84.58
0.8 177.89 173.36 401.3 82.708
0.85 160.32 146.0 386.9 88.947
0.9 296.06 346.35 373.0 88.301
0.95 476.98 613.63 268.3 56.752

./Data/sol-6d-c2-obj1.csv
0.05 53.84 36.96 1337.8 47.606
0.1 36.34 23.09 1247.3 57.088
0.15 39.52 15.16 1121.8 61.364
0.2 33.58 6.2 1000.4 88.652
0.25 31.71 7.62 1014.1 107.523
0.3 54.85 47.22 807.1 110.029
0.35 50.95 21.96 791.7 175.868
0.4 48.79 26.39 646.4 133.92
0.45 79.35 63.98 580.5 117.217
0.5 56.35 32.79 554.8 88.241
0.55 67.47 41.97 434.8 127.607
0.6 49.09 20.73 430.9 131.673
0.65 62.61 19.33 317.9 96.272
0.7 72.84 39.48 306.9 66.217
0.75 377.3 971.12 293.4 98.074
0.8 67.61 21.83 262.2 104.506
0.85 79.21 40.94 201.6 64.223
0.9 86.0 51.23 227.9 70.488
0.95 76.83 31.4 212.0 63.337

./Data/sol-6d-c2-obj2.csv
0.05 65.89 9.73 1326.8 67.351
0.1 75.88 29.1 1275.4 43.433
0.15 82.56 11.18 1144.4 99.358
0.2 73.57 37.4 1139.9 68.086
0.25 91.92 37.8 1028.2 95.404
0.3 305.66 615.88 972.0 97.133
0.35 105.12 79.58 914.4 128.589
0.4 79.12 19.25 914.6 66.491
0.45 186.19 245.2 801.8 157.636
0.5 137.51 86.71 860.1 106.977
0.55 68.37 17.2 792.7 119.481
0.6 122.28 90.94 767.3 93.074
0.65 110.71 42.54 682.6 135.142
0.7 136.87 100.64 686.3 75.893
0.75 101.57 27.18 608.8 48.908
0.8 147.97 59.24 603.5 67.642
0.85 212.23 240.03 563.7 68.373
0.9 149.49 82.35 534.8 67.526
0.95 306.4 301.32 428.5 89.753

./Data/sort_256_obj2.csv
0.05 5.06 0.86 87.2 7.332
0.1 6.02 1.59 68.1 13.656
0.15 8.36 1.26 51.7 12.354
0.2 9.01 2.35 42.2 11.125
0.25 9.7 1.15 34.2 5.724
0.3 13.02 3.23 26.8 4.643
0.35 11.61 2.38 29.0 6.403
0.4 11.68 2.46 22.9 2.625
0.45 13.3 2.28 23.3 3.068
0.5 11.37 2.65 22.6 2.538
0.55 11.5 2.09 22.7 2.147
0.6 13.06 1.51 21.5 1.025
0.65 13.07 2.82 21.4 0.663
0.7 13.25 1.61 21.0 0.0
0.75 12.11 2.3 21.1 0.3
0.8 12.01 2.23 21.7 2.1
0.85 11.88 1.67 21.0 0.0
0.9 13.03 2.68 21.0 0.0
0.95 12.89 3.93 21.0 0.0

./Data/SQL_AllMeasurements.csv
0.05 4.15 0.11 1405.9 61.56
0.1 4.29 0.17 650.7 29.736
0.15 4.4 0.26 478.7 8.235
0.2 4.46 0.15 467.4 1.855
0.25 4.45 0.16 450.5 34.627
0.3 4.36 0.23 466.0 0.0
0.35 4.56 0.19 434.5 57.293
0.4 4.43 0.19 442.3 55.721
0.45 4.52 0.32 450.3 47.1
0.5 4.46 0.17 466.0 0.0
0.55 4.44 0.23 430.2 85.871
0.6 4.6 0.19 457.5 25.5
0.65 4.46 0.13 466.0 0.0
0.7 4.37 0.11 466.0 0.0
0.75 4.54 0.18 450.0 34.874
0.8 4.49 0.16 426.3 70.569
0.85 4.62 0.36 434.2 69.928
0.9 4.45 0.14 457.3 26.1
0.95 4.49 0.22 458.5 22.5

./Data/wc+rs-3d-c4-obj1.csv
0.05 9.41 3.3 93.5 11.386
0.1 9.54 2.56 82.8 13.898
0.15 12.16 7.12 72.2 14.232
0.2 11.76 6.38 75.9 8.502
0.25 16.95 4.98 58.9 14.279
0.3 13.47 5.39 61.6 13.537
0.35 21.22 7.14 44.1 9.137
0.4 18.87 11.34 50.6 10.5
0.45 21.0 8.23 45.8 11.47
0.5 19.01 7.32 42.8 13.235
0.55 20.55 8.78 40.7 12.65
0.6 32.33 23.95 37.7 9.644
0.65 26.39 13.97 35.2 9.928
0.7 23.74 11.86 31.4 5.97
0.75 29.38 10.76 32.8 8.931
0.8 23.33 6.88 32.7 8.695
0.85 25.95 7.45 30.0 7.72
0.9 31.06 16.99 28.5 4.295
0.95 37.75 29.73 26.5 5.408

./Data/wc+rs-3d-c4-obj2.csv
0.05 36.33 41.85 91.0 8.012
0.1 30.81 27.14 82.1 14.067
0.15 24.27 16.99 79.9 8.561
0.2 163.37 371.53 77.1 11.614
0.25 1045.57 2032.72 73.2 7.507
0.3 11963.46 35524.83 67.5 11.552
0.35 1374.67 3780.29 61.7 13.631
0.4 8452.56 21297.15 61.8 11.998
0.45 207.81 183.5 60.9 6.426
0.5 8323.63 24769.3 62.5 11.2
0.55 233.11 353.34 50.8 11.591
0.6 5349.58 14844.71 49.3 6.604
0.65 16709.94 48100.42 51.9 6.64
0.7 369.17 520.07 53.7 7.59
0.75 14773.81 29984.31 50.3 6.827
0.8 2883.6 5796.96 48.3 8.403
0.85 19391.33 54409.02 46.0 10.789
0.9 210.25 187.66 42.6 8.44
0.95 1515.36 2957.04 40.8 12.648

./Data/wc+sol-3d-c4-obj1.csv
0.05 9.17 2.41 101.7 4.713
0.1 11.61 1.69 77.4 10.509
0.15 12.33 3.29 78.0 11.054
0.2 11.03 2.23 74.9 11.484
0.25 11.75 2.0 67.8 9.662
0.3 18.79 8.71 63.7 13.031
0.35 15.72 6.01 47.2 9.031
0.4 24.17 24.69 50.8 10.515
0.45 23.55 16.31 44.1 13.285
0.5 32.18 22.11 40.9 13.36
0.55 31.51 16.18 38.9 8.24
0.6 24.71 9.84 39.5 13.321
0.65 19.47 3.44 38.2 12.456
0.7 34.88 15.94 36.7 11.109
0.75 19.47 3.75 35.3 7.267
0.8 26.13 16.75 37.7 10.771
0.85 23.27 9.25 34.4 8.686
0.9 29.94 12.22 27.2 5.582
0.95 42.2 39.77 29.7 5.551

./Data/wc+sol-3d-c4-obj2.csv
0.05 147.16 375.63 89.0 7.057
0.1 21.86 4.65 81.3 7.887
0.15 119.21 144.85 78.8 10.167
0.2 38.57 34.08 80.9 11.282
0.25 712.55 2054.85 64.1 8.927
0.3 309.49 642.08 71.2 10.284
0.35 379.32 816.33 65.7 11.688
0.4 57.57 58.34 62.0 9.209
0.45 2855.17 8315.47 56.3 12.626
0.5 83.18 116.93 58.0 9.198
0.55 221.46 281.18 61.0 12.008
0.6 5656.75 11714.97 52.2 11.143
0.65 861.81 1971.95 55.0 11.541
0.7 1608.73 2856.48 52.6 9.8
0.75 18774.82 49116.05 46.0 10.257
0.8 3208.98 8248.64 46.2 12.156
0.85 351.2 432.26 53.7 9.392
0.9 4139.93 9681.24 50.5 8.286
0.95 96.1 177.31 43.9 10.492

./Data/wc+wc-3d-c4-obj1.csv
0.05 10.83 2.1 93.2 12.172
0.1 10.67 1.23 91.0 8.955
0.15 17.49 12.02 78.0 9.044
0.2 17.08 4.24 72.6 9.135
0.25 16.35 5.81 60.4 14.058
0.3 19.32 7.66 56.3 14.171
0.35 18.72 12.8 59.0 11.419
0.4 20.65 9.31 53.7 12.562
0.45 26.76 18.45 46.1 14.515
0.5 31.38 15.78 37.2 12.254
0.55 25.43 17.41 36.6 7.927
0.6 26.99 10.69 36.3 11.799
0.65 26.33 16.16 36.0 10.169
0.7 27.48 14.27 33.7 7.824
0.75 28.86 14.22 31.0 9.284
0.8 26.58 5.55 29.4 7.749
0.85 26.2 10.88 31.8 7.125
0.9 36.54 32.49 26.7 5.587
0.95 29.16 12.1 28.1 6.123

./Data/wc+wc-3d-c4-obj2.csv
0.05 36.99 16.41 93.1 6.426
0.1 130.92 245.17 84.2 13.167
0.15 2775.76 5707.17 77.9 6.595
0.2 67.1 59.2 78.7 10.789
0.25 638.8 1772.72 69.2 14.034
0.3 48.85 36.8 70.6 9.425
0.35 288.02 694.16 64.0 8.331
0.4 2205.71 5760.46 63.4 9.861
0.45 134.72 157.44 54.5 9.729
0.5 4302.19 11870.22 57.1 10.064
0.55 280.98 599.82 55.0 6.957
0.6 3027.21 8437.46 53.3 7.669
0.65 1924.41 5263.28 47.7 11.841
0.7 92.32 93.63 55.4 10.781
0.75 139.1 145.9 52.0 13.031
0.8 651.76 1650.96 38.1 7.314
0.85 2295.47 5303.79 38.8 10.235
0.9 9931.34 24161.65 47.8 16.424
0.95 1227.89 3468.92 39.2 6.145

./Data/wc-3d-c4_obj2.csv
0.05 42.54 16.81 266.0 32.078
0.1 44.57 18.9 188.8 20.865
0.15 55.99 42.06 173.9 20.496
0.2 182.58 313.51 154.3 14.079
0.25 1149.99 3275.96 144.7 9.655
0.3 45.24 26.32 136.2 20.252
0.35 338.94 853.58 123.2 11.729
0.4 1779.6 5118.59 120.8 17.11
0.45 1563.56 3471.07 113.2 12.408
0.5 13997.24 41751.94 113.5 18.678
0.55 112.81 186.12 108.7 14.533
0.6 41.32 25.49 101.0 12.83
0.65 1348.46 3797.89 107.0 13.914
0.7 2918.44 8436.61 101.1 14.611
0.75 6163.93 18348.93 102.2 11.134
0.8 617.75 1703.63 104.5 13.102
0.85 567.8 1428.32 102.6 14.874
0.9 6362.85 18844.64 93.0 10.354
0.95 230.1 476.24 93.9 11.691

./Data/wc-6d-c1-obj1.csv
0.05 6.17 0.64 1366.0 49.447
0.1 6.48 0.58 1284.1 47.014
0.15 7.11 0.9 1181.0 71.375
0.2 7.7 1.0 1095.2 88.55
0.25 9.4 3.99 961.8 91.215
0.3 8.0 1.42 981.6 90.146
0.35 9.9 2.33 826.7 96.532
0.4 9.02 1.69 800.9 107.252
0.45 13.54 10.21 739.4 109.895
0.5 17.22 8.67 602.1 152.289
0.55 12.28 3.25 598.8 84.462
0.6 20.13 9.75 471.2 130.803
0.65 23.14 8.64 434.6 101.093
0.7 19.98 10.1 428.4 136.327
0.75 24.78 12.84 339.9 86.039
0.8 31.64 19.4 284.3 83.3
0.85 39.78 28.93 273.4 75.043
0.9 36.75 16.0 230.2 79.114
0.95 28.89 10.79 256.6 109.316

./Data/wc-6d-c1-obj2.csv
0.05 8.57 0.87 1180.5 62.34
0.1 9.89 4.2 1033.8 125.033
0.15 9.34 1.69 945.6 107.203
0.2 541.52 1597.01 848.8 75.996
0.25 15.92 11.8 724.4 134.805
0.3 12.01 4.52 716.1 125.219
0.35 11.99 2.86 637.9 60.878
0.4 19.73 12.03 546.4 154.524
0.45 88.35 225.14 498.6 120.991
0.5 498.31 1431.57 468.5 93.763
0.55 17.11 9.05 468.1 86.457
0.6 32.51 26.56 367.1 84.091
0.65 192.58 458.4 377.2 160.848
0.7 685.19 1988.19 288.8 86.036
0.75 37.84 36.47 323.4 100.897
0.8 52.69 56.36 314.9 98.524
0.85 481.89 1366.52 217.8 88.455
0.9 1101.12 2077.99 243.4 68.481
0.95 794.13 1789.92 199.0 79.758

./Data/WGet.csv
0.05 8.81 7.7 39.2 8.158
0.1 12.37 10.62 34.2 11.08
0.15 10.62 14.12 37.5 5.5
0.2 7.78 7.07 39.2 11.241
0.25 13.65 17.99 29.7 7.072
0.3 19.67 21.1 32.8 9.325
0.35 9.09 6.84 36.3 11.314
0.4 18.65 16.35 34.1 4.614
0.45 10.77 12.1 34.5 9.708
0.5 16.28 19.22 33.7 9.487
0.55 11.09 12.49 29.5 6.329
0.6 12.09 18.36 31.5 3.828
0.65 8.46 10.21 35.4 6.515
0.7 11.41 9.48 27.9 5.752
0.75 10.39 9.39 31.6 7.242
0.8 10.44 12.62 29.1 7.842
0.85 12.62 11.06 31.1 9.192
0.9 13.49 16.25 31.3 6.325
0.95 12.38 11.31 29.1 6.441

./Data/X264_AllMeasurements.csv
0.05 1.51 1.01 358.8 43.881
0.1 4.02 3.63 250.2 82.047
0.15 3.82 2.62 185.8 79.751
0.2 6.37 2.9 94.3 54.976
0.25 7.45 2.4 50.0 26.165
0.3 11.81 10.35 67.2 53.976
0.35 8.15 2.15 46.5 30.988
0.4 11.23 3.89 27.6 13.551
0.45 11.85 5.05 32.9 26.231
0.5 10.74 2.51 28.0 11.713
0.55 11.11 1.66 23.0 2.898
0.6 12.99 7.88 23.2 5.879
0.65 9.88 3.07 30.3 18.995
0.7 9.95 2.34 24.3 6.724
0.75 10.3 5.08 23.2 3.97
0.8 10.27 1.76 25.9 3.27
0.85 9.96 2.56 23.5 2.655
0.9 11.24 3.57 23.7 5.604
0.95 10.86 2.7 24.5 5.025

